a = 6.74617949932361
b = -17.723712943079168